/*--------------------------------*- C++ -*----------------------------------*\
  =========                 |
  \\      /  F ield         | OpenFOAM: The Open Source CFD Toolbox
   \\    /   O peration     | Website:  https://openfoam.org
    \\  /    A nd           | Version:  11
     \\/     M anipulation  |
\*---------------------------------------------------------------------------*/
FoamFile
{
    format      ascii;
    class       faceList;
    location    "constant/polyMesh";
    object      faces;
}
// * * * * * * * * * * * * * * * * * * * * * * * * * * * * * * * * * * * * * //


450
(
4(44 91 152 148)
4(12 148 152 68)
4(11 68 152 91)
4(45 95 153 149)
4(148 149 153 152)
4(91 152 153 95)
4(46 99 154 150)
4(149 150 154 153)
4(95 153 154 99)
4(47 103 155 151)
4(150 151 155 154)
4(99 154 155 103)
4(151 28 72 155)
4(103 155 72 27)
4(148 152 156 144)
4(13 144 156 69)
4(68 69 156 152)
4(149 153 157 145)
4(144 145 157 156)
4(152 156 157 153)
4(150 154 158 146)
4(145 146 158 157)
4(153 157 158 154)
4(151 155 159 147)
4(146 147 159 158)
4(154 158 159 155)
4(147 29 73 159)
4(155 159 73 72)
4(144 156 160 140)
4(14 140 160 70)
4(69 70 160 156)
4(145 157 161 141)
4(140 141 161 160)
4(156 160 161 157)
4(146 158 162 142)
4(141 142 162 161)
4(157 161 162 158)
4(147 159 163 143)
4(142 143 163 162)
4(158 162 163 159)
4(143 30 74 163)
4(159 163 74 73)
4(140 160 164 136)
4(15 136 164 71)
4(70 71 164 160)
4(141 161 165 137)
4(136 137 165 164)
4(160 164 165 161)
4(142 162 166 138)
4(137 138 166 165)
4(161 165 166 162)
4(143 163 167 139)
4(138 139 167 166)
4(162 166 167 163)
4(139 31 75 167)
4(163 167 75 74)
4(136 164 119 52)
4(71 19 119 164)
4(137 165 115 53)
4(164 119 115 165)
4(138 166 111 54)
4(165 115 111 166)
4(139 167 107 55)
4(166 111 107 167)
4(167 107 35 75)
4(91 90 168 152)
4(68 152 168 64)
4(10 64 168 90)
4(95 94 169 153)
4(152 153 169 168)
4(90 168 169 94)
4(99 98 170 154)
4(153 154 170 169)
4(94 169 170 98)
4(103 102 171 155)
4(154 155 171 170)
4(98 170 171 102)
4(155 72 76 171)
4(102 171 76 26)
4(152 168 172 156)
4(69 156 172 65)
4(64 65 172 168)
4(153 169 173 157)
4(156 157 173 172)
4(168 172 173 169)
4(154 170 174 158)
4(157 158 174 173)
4(169 173 174 170)
4(155 171 175 159)
4(158 159 175 174)
4(170 174 175 171)
4(159 73 77 175)
4(171 175 77 76)
4(156 172 176 160)
4(70 160 176 66)
4(65 66 176 172)
4(157 173 177 161)
4(160 161 177 176)
4(172 176 177 173)
4(158 174 178 162)
4(161 162 178 177)
4(173 177 178 174)
4(159 175 179 163)
4(162 163 179 178)
4(174 178 179 175)
4(163 74 78 179)
4(175 179 78 77)
4(160 176 180 164)
4(71 164 180 67)
4(66 67 180 176)
4(161 177 181 165)
4(164 165 181 180)
4(176 180 181 177)
4(162 178 182 166)
4(165 166 182 181)
4(177 181 182 178)
4(163 179 183 167)
4(166 167 183 182)
4(178 182 183 179)
4(167 75 79 183)
4(179 183 79 78)
4(164 180 118 119)
4(67 18 118 180)
4(165 181 114 115)
4(180 118 114 181)
4(166 182 110 111)
4(181 114 110 182)
4(167 183 106 107)
4(182 110 106 183)
4(183 106 34 79)
4(90 89 184 168)
4(64 168 184 60)
4(9 60 184 89)
4(94 93 185 169)
4(168 169 185 184)
4(89 184 185 93)
4(98 97 186 170)
4(169 170 186 185)
4(93 185 186 97)
4(102 101 187 171)
4(170 171 187 186)
4(97 186 187 101)
4(171 76 80 187)
4(101 187 80 25)
4(168 184 188 172)
4(65 172 188 61)
4(60 61 188 184)
4(169 185 189 173)
4(172 173 189 188)
4(184 188 189 185)
4(170 186 190 174)
4(173 174 190 189)
4(185 189 190 186)
4(171 187 191 175)
4(174 175 191 190)
4(186 190 191 187)
4(175 77 81 191)
4(187 191 81 80)
4(172 188 192 176)
4(66 176 192 62)
4(61 62 192 188)
4(173 189 193 177)
4(176 177 193 192)
4(188 192 193 189)
4(174 190 194 178)
4(177 178 194 193)
4(189 193 194 190)
4(175 191 195 179)
4(178 179 195 194)
4(190 194 195 191)
4(179 78 82 195)
4(191 195 82 81)
4(176 192 196 180)
4(67 180 196 63)
4(62 63 196 192)
4(177 193 197 181)
4(180 181 197 196)
4(192 196 197 193)
4(178 194 198 182)
4(181 182 198 197)
4(193 197 198 194)
4(179 195 199 183)
4(182 183 199 198)
4(194 198 199 195)
4(183 79 83 199)
4(195 199 83 82)
4(180 196 117 118)
4(63 17 117 196)
4(181 197 113 114)
4(196 117 113 197)
4(182 198 109 110)
4(197 113 109 198)
4(183 199 105 106)
4(198 109 105 199)
4(199 105 33 83)
4(89 88 200 184)
4(60 184 200 56)
4(8 56 200 88)
4(93 92 201 185)
4(184 185 201 200)
4(88 200 201 92)
4(97 96 202 186)
4(185 186 202 201)
4(92 201 202 96)
4(101 100 203 187)
4(186 187 203 202)
4(96 202 203 100)
4(187 80 84 203)
4(100 203 84 24)
4(184 200 204 188)
4(61 188 204 57)
4(56 57 204 200)
4(185 201 205 189)
4(188 189 205 204)
4(200 204 205 201)
4(186 202 206 190)
4(189 190 206 205)
4(201 205 206 202)
4(187 203 207 191)
4(190 191 207 206)
4(202 206 207 203)
4(191 81 85 207)
4(203 207 85 84)
4(188 204 208 192)
4(62 192 208 58)
4(57 58 208 204)
4(189 205 209 193)
4(192 193 209 208)
4(204 208 209 205)
4(190 206 210 194)
4(193 194 210 209)
4(205 209 210 206)
4(191 207 211 195)
4(194 195 211 210)
4(206 210 211 207)
4(195 82 86 211)
4(207 211 86 85)
4(192 208 212 196)
4(63 196 212 59)
4(58 59 212 208)
4(193 209 213 197)
4(196 197 213 212)
4(208 212 213 209)
4(194 210 214 198)
4(197 198 214 213)
4(209 213 214 210)
4(195 211 215 199)
4(198 199 215 214)
4(210 214 215 211)
4(199 83 87 215)
4(211 215 87 86)
4(196 212 116 117)
4(59 16 116 212)
4(197 213 112 113)
4(212 116 112 213)
4(198 214 108 109)
4(213 112 108 214)
4(199 215 104 105)
4(214 108 104 215)
4(215 104 32 87)
4(88 40 120 200)
4(56 200 120 20)
4(92 41 121 201)
4(200 201 121 120)
4(96 42 122 202)
4(201 202 122 121)
4(100 43 123 203)
4(202 203 123 122)
4(203 84 36 123)
4(200 120 124 204)
4(57 204 124 21)
4(201 121 125 205)
4(204 205 125 124)
4(202 122 126 206)
4(205 206 126 125)
4(203 123 127 207)
4(206 207 127 126)
4(207 85 37 127)
4(204 124 128 208)
4(58 208 128 22)
4(205 125 129 209)
4(208 209 129 128)
4(206 126 130 210)
4(209 210 130 129)
4(207 127 131 211)
4(210 211 131 130)
4(211 86 38 131)
4(208 128 132 212)
4(59 212 132 23)
4(209 129 133 213)
4(212 213 133 132)
4(210 130 134 214)
4(213 214 134 133)
4(211 131 135 215)
4(214 215 135 134)
4(215 87 39 135)
4(212 132 48 116)
4(213 133 49 112)
4(214 134 50 108)
4(215 135 51 104)
4(4 27 72 28)
4(28 72 73 29)
4(29 73 74 30)
4(30 74 75 31)
4(31 75 35 6)
4(27 26 76 72)
4(72 76 77 73)
4(73 77 78 74)
4(74 78 79 75)
4(75 79 34 35)
4(26 25 80 76)
4(76 80 81 77)
4(77 81 82 78)
4(78 82 83 79)
4(79 83 33 34)
4(25 24 84 80)
4(80 84 85 81)
4(81 85 86 82)
4(82 86 87 83)
4(83 87 32 33)
4(24 5 36 84)
4(84 36 37 85)
4(85 37 38 86)
4(86 38 39 87)
4(87 39 7 32)
4(8 1 40 88)
4(9 8 88 89)
4(10 9 89 90)
4(11 10 90 91)
4(0 11 91 44)
4(88 40 41 92)
4(89 88 92 93)
4(90 89 93 94)
4(91 90 94 95)
4(44 91 95 45)
4(92 41 42 96)
4(93 92 96 97)
4(94 93 97 98)
4(95 94 98 99)
4(45 95 99 46)
4(96 42 43 100)
4(97 96 100 101)
4(98 97 101 102)
4(99 98 102 103)
4(46 99 103 47)
4(100 43 5 24)
4(101 100 24 25)
4(102 101 25 26)
4(103 102 26 27)
4(47 103 27 4)
4(104 32 7 51)
4(105 33 32 104)
4(106 34 33 105)
4(107 35 34 106)
4(55 6 35 107)
4(108 104 51 50)
4(109 105 104 108)
4(110 106 105 109)
4(111 107 106 110)
4(54 55 107 111)
4(112 108 50 49)
4(113 109 108 112)
4(114 110 109 113)
4(115 111 110 114)
4(53 54 111 115)
4(116 112 49 48)
4(117 113 112 116)
4(118 114 113 117)
4(119 115 114 118)
4(52 53 115 119)
4(16 116 48 3)
4(17 117 116 16)
4(18 118 117 17)
4(19 119 118 18)
4(2 52 119 19)
4(1 20 120 40)
4(40 120 121 41)
4(41 121 122 42)
4(42 122 123 43)
4(43 123 36 5)
4(20 21 124 120)
4(120 124 125 121)
4(121 125 126 122)
4(122 126 127 123)
4(123 127 37 36)
4(21 22 128 124)
4(124 128 129 125)
4(125 129 130 126)
4(126 130 131 127)
4(127 131 38 37)
4(22 23 132 128)
4(128 132 133 129)
4(129 133 134 130)
4(130 134 135 131)
4(131 135 39 38)
4(23 3 48 132)
4(132 48 49 133)
4(133 49 50 134)
4(134 50 51 135)
4(135 51 7 39)
4(8 56 20 1)
4(56 57 21 20)
4(57 58 22 21)
4(58 59 23 22)
4(59 16 3 23)
4(9 60 56 8)
4(60 61 57 56)
4(61 62 58 57)
4(62 63 59 58)
4(63 17 16 59)
4(10 64 60 9)
4(64 65 61 60)
4(65 66 62 61)
4(66 67 63 62)
4(67 18 17 63)
4(11 68 64 10)
4(68 69 65 64)
4(69 70 66 65)
4(70 71 67 66)
4(71 19 18 67)
4(0 12 68 11)
4(12 13 69 68)
4(13 14 70 69)
4(14 15 71 70)
4(15 2 19 71)
4(15 136 52 2)
4(136 137 53 52)
4(137 138 54 53)
4(138 139 55 54)
4(139 31 6 55)
4(14 140 136 15)
4(140 141 137 136)
4(141 142 138 137)
4(142 143 139 138)
4(143 30 31 139)
4(13 144 140 14)
4(144 145 141 140)
4(145 146 142 141)
4(146 147 143 142)
4(147 29 30 143)
4(12 148 144 13)
4(148 149 145 144)
4(149 150 146 145)
4(150 151 147 146)
4(151 28 29 147)
4(0 44 148 12)
4(44 45 149 148)
4(45 46 150 149)
4(46 47 151 150)
4(47 4 28 151)
)


// ************************************************************************* //
