/*--------------------------------*- C++ -*----------------------------------*\
  =========                 |
  \\      /  F ield         | OpenFOAM: The Open Source CFD Toolbox
   \\    /   O peration     | Website:  https://openfoam.org
    \\  /    A nd           | Version:  11
     \\/     M anipulation  |
\*---------------------------------------------------------------------------*/
FoamFile
{
    format      ascii;
    class       vectorField;
    location    "constant/polyMesh";
    object      points;
}
// * * * * * * * * * * * * * * * * * * * * * * * * * * * * * * * * * * * * * //


216
(
(0 0 0.1)
(0 0 0)
(0 0.1 0.1)
(0 0.1 0)
(0.1 0 0.1)
(0.1 0 0)
(0.1 0.1 0.1)
(0.1 0.1 0)
(0 0 0.02)
(0 0 0.04)
(0 0 0.06)
(0 0 0.08)
(0 0.02 0.1)
(0 0.04 0.1)
(0 0.06 0.1)
(0 0.08 0.1)
(0 0.1 0.02)
(0 0.1 0.04)
(0 0.1 0.06)
(0 0.1 0.08)
(0 0.02 0)
(0 0.04 0)
(0 0.06 0)
(0 0.08 0)
(0.1 0 0.02)
(0.1 0 0.04)
(0.1 0 0.06)
(0.1 0 0.08)
(0.1 0.02 0.1)
(0.1 0.04 0.1)
(0.1 0.06 0.1)
(0.1 0.08 0.1)
(0.1 0.1 0.02)
(0.1 0.1 0.04)
(0.1 0.1 0.06)
(0.1 0.1 0.08)
(0.1 0.02 0)
(0.1 0.04 0)
(0.1 0.06 0)
(0.1 0.08 0)
(0.02 0 0)
(0.04 0 0)
(0.06 0 0)
(0.08 0 0)
(0.02 0 0.1)
(0.04 0 0.1)
(0.06 0 0.1)
(0.08 0 0.1)
(0.02 0.1 0)
(0.04 0.1 0)
(0.06 0.1 0)
(0.08 0.1 0)
(0.02 0.1 0.1)
(0.04 0.1 0.1)
(0.06 0.1 0.1)
(0.08 0.1 0.1)
(0 0.02 0.02)
(0 0.04 0.02)
(0 0.06 0.02)
(0 0.08 0.02)
(0 0.02 0.04)
(0 0.04 0.04)
(0 0.06 0.04)
(0 0.08 0.04)
(0 0.02 0.06)
(0 0.04 0.06)
(0 0.06 0.06)
(0 0.08 0.06)
(0 0.02 0.08)
(0 0.04 0.08)
(0 0.06 0.08)
(0 0.08 0.08)
(0.1 0.02 0.08)
(0.1 0.04 0.08)
(0.1 0.06 0.08)
(0.1 0.08 0.08)
(0.1 0.02 0.06)
(0.1 0.04 0.06)
(0.1 0.06 0.06)
(0.1 0.08 0.06)
(0.1 0.02 0.04)
(0.1 0.04 0.04)
(0.1 0.06 0.04)
(0.1 0.08 0.04)
(0.1 0.02 0.02)
(0.1 0.04 0.02)
(0.1 0.06 0.02)
(0.1 0.08 0.02)
(0.02 0 0.02)
(0.02 0 0.04)
(0.02 0 0.06)
(0.02 0 0.08)
(0.04 0 0.02)
(0.04 0 0.04)
(0.04 0 0.06)
(0.04 0 0.08)
(0.06 0 0.02)
(0.06 0 0.04)
(0.06 0 0.06)
(0.06 0 0.08)
(0.08 0 0.02)
(0.08 0 0.04)
(0.08 0 0.06)
(0.08 0 0.08)
(0.08 0.1 0.02)
(0.08 0.1 0.04)
(0.08 0.1 0.06)
(0.08 0.1 0.08)
(0.06 0.1 0.02)
(0.06 0.1 0.04)
(0.06 0.1 0.06)
(0.06 0.1 0.08)
(0.04 0.1 0.02)
(0.04 0.1 0.04)
(0.04 0.1 0.06)
(0.04 0.1 0.08)
(0.02 0.1 0.02)
(0.02 0.1 0.04)
(0.02 0.1 0.06)
(0.02 0.1 0.08)
(0.02 0.02 0)
(0.04 0.02 0)
(0.06 0.02 0)
(0.08 0.02 0)
(0.02 0.04 0)
(0.04 0.04 0)
(0.06 0.04 0)
(0.08 0.04 0)
(0.02 0.06 0)
(0.04 0.06 0)
(0.06 0.06 0)
(0.08 0.06 0)
(0.02 0.08 0)
(0.04 0.08 0)
(0.06 0.08 0)
(0.08 0.08 0)
(0.02 0.08 0.1)
(0.04 0.08 0.1)
(0.06 0.08 0.1)
(0.08 0.08 0.1)
(0.02 0.06 0.1)
(0.04 0.06 0.1)
(0.06 0.06 0.1)
(0.08 0.06 0.1)
(0.02 0.04 0.1)
(0.04 0.04 0.1)
(0.06 0.04 0.1)
(0.08 0.04 0.1)
(0.02 0.02 0.1)
(0.04 0.02 0.1)
(0.06 0.02 0.1)
(0.08 0.02 0.1)
(0.02 0.02 0.08)
(0.04 0.02 0.08)
(0.06 0.02 0.08)
(0.08 0.02 0.08)
(0.02 0.04 0.08)
(0.04 0.04 0.08)
(0.06 0.04 0.08)
(0.08 0.04 0.08)
(0.02 0.06 0.08)
(0.04 0.06 0.08)
(0.06 0.06 0.08)
(0.08 0.06 0.08)
(0.02 0.08 0.08)
(0.04 0.08 0.08)
(0.06 0.08 0.08)
(0.08 0.08 0.08)
(0.02 0.02 0.06)
(0.04 0.02 0.06)
(0.06 0.02 0.06)
(0.08 0.02 0.06)
(0.02 0.04 0.06)
(0.04 0.04 0.06)
(0.06 0.04 0.06)
(0.08 0.04 0.06)
(0.02 0.06 0.06)
(0.04 0.06 0.06)
(0.06 0.06 0.06)
(0.08 0.06 0.06)
(0.02 0.08 0.06)
(0.04 0.08 0.06)
(0.06 0.08 0.06)
(0.08 0.08 0.06)
(0.02 0.02 0.04)
(0.04 0.02 0.04)
(0.06 0.02 0.04)
(0.08 0.02 0.04)
(0.02 0.04 0.04)
(0.04 0.04 0.04)
(0.06 0.04 0.04)
(0.08 0.04 0.04)
(0.02 0.06 0.04)
(0.04 0.06 0.04)
(0.06 0.06 0.04)
(0.08 0.06 0.04)
(0.02 0.08 0.04)
(0.04 0.08 0.04)
(0.06 0.08 0.04)
(0.08 0.08 0.04)
(0.02 0.02 0.02)
(0.04 0.02 0.02)
(0.06 0.02 0.02)
(0.08 0.02 0.02)
(0.02 0.04 0.02)
(0.04 0.04 0.02)
(0.06 0.04 0.02)
(0.08 0.04 0.02)
(0.02 0.06 0.02)
(0.04 0.06 0.02)
(0.06 0.06 0.02)
(0.08 0.06 0.02)
(0.02 0.08 0.02)
(0.04 0.08 0.02)
(0.06 0.08 0.02)
(0.08 0.08 0.02)
)


// ************************************************************************* //
