/*--------------------------------*- C++ -*----------------------------------*\
| =========                 |                                                 |
| \\      /  F ield         | OpenFOAM: The Open Source CFD Toolbox           |
|  \\    /   O peration     | Version:  2112                                  |
|   \\  /    A nd           | Website:  www.openfoam.com                      |
|    \\/     M anipulation  |                                                 |
\*---------------------------------------------------------------------------*/
FoamFile
{
    version     2.0;
    format      ascii;
    arch        "LSB;label=32;scalar=64";
    class       cellSet;
    location    "constant/polyMesh/sets";
    object      highAspectRatioCells;
}
// * * * * * * * * * * * * * * * * * * * * * * * * * * * * * * * * * * * * * //


1050
(
0
1
2
3
4
5
6
7
8
9
10
11
12
13
14
15
16
17
18
19
20
21
22
23
24
25
26
27
28
29
30
31
32
33
10273
34
10274
35
10275
36
10276
37
10277
38
10278
39
10279
40
10280
41
10281
42
10282
43
10283
44
10284
12333
45
10285
12334
46
10286
12335
47
12336
48
12337
49
12338
50
51
52
53
54
55
56
57
58
59
60
61
62
63
64
65
66
67
68
69
70
71
72
73
74
75
76
77
78
79
80
81
82
83
84
85
86
87
88
89
90
91
92
93
94
95
96
97
98
12387
99
12388
100
12389
101
12390
102
12391
103
104
105
106
107
108
109
110
111
112
113
114
10354
115
10355
116
10356
117
10357
118
10358
119
10359
120
10360
121
10361
122
10362
123
10363
124
10364
125
10365
126
10366
127
10367
128
129
130
131
132
133
134
135
136
137
138
139
140
141
142
143
144
145
146
147
148
149
150
12439
151
12440
152
12441
153
12442
154
12443
155
156
157
158
159
160
161
162
163
164
165
166
167
168
169
170
171
172
173
174
175
176
177
178
179
180
181
182
183
184
185
186
187
188
189
190
191
192
193
194
10434
195
10435
196
10436
197
10437
198
10438
199
10439
200
10440
201
10441
12490
202
10442
12491
203
10443
12492
204
10444
12493
205
10445
12494
206
10446
207
10447
208
10448
209
210
211
212
213
214
215
216
217
218
219
220
221
222
223
224
225
226
227
228
229
230
231
232
233
234
235
236
237
238
239
240
241
242
243
244
245
246
247
248
249
250
251
252
12541
253
12542
254
12543
255
12544
256
257
258
259
260
261
262
263
264
265
266
267
268
269
270
271
272
273
274
10514
275
10515
276
10516
277
10517
278
10518
279
10519
280
10520
281
10521
282
10522
283
10523
284
10524
285
10525
286
10526
287
10527
288
10528
289
10529
290
291
292
293
294
295
296
297
298
299
301
12590
302
12591
303
12592
304
12593
305
306
307
308
309
310
311
312
313
314
315
316
317
318
319
320
321
322
323
324
328
329
330
331
332
333
334
335
336
337
338
339
340
341
342
343
344
345
346
347
348
349
12638
350
12639
12640
12641
10595
10596
357
10597
358
10598
359
10599
360
10600
361
10601
362
10602
363
10603
364
10604
365
10605
366
10606
367
10607
368
10608
369
10609
370
371
372
373
374
375
376
377
386
387
388
389
390
391
392
393
394
395
396
397
12686
398
12687
399
12688
400
401
402
403
404
405
416
417
418
419
420
421
422
423
424
425
426
427
428
429
430
431
432
433
434
10674
10675
10676
10677
10678
10679
10680
10681
10682
10683
12732
10684
12733
10685
12734
10686
10687
448
10688
449
450
451
452
453
454
455
456
457
458
459
460
461
462
463
464
8666
480
481
482
483
484
485
486
487
488
489
12778
490
12779
491
492
493
494
495
10752
513
10753
514
10754
515
10755
516
10756
517
10757
518
10758
519
10759
520
10760
521
10761
522
10762
523
10763
524
10764
525
10765
526
10766
527
12822
12823
548
549
550
551
552
553
554
8746
555
8747
556
557
558
559
560
12865
12866
583
584
585
586
587
588
589
590
10830
591
10831
592
10832
593
10833
594
10834
10835
10836
10837
10838
10839
10840
10841
10842
10843
12908
620
621
622
623
624
625
626
627
628
629
8827
8828
657
658
659
660
12949
661
662
663
664
665
10906
10907
10908
10909
10910
10911
10912
10913
10914
10915
10916
10917
10918
10919
695
696
697
698
699
700
12989
701
702
8907
8908
8909
735
736
737
738
739
740
10982
10983
10984
10985
10986
10987
10988
10989
10990
10991
10992
10993
10994
775
776
777
778
779
8987
8988
8989
8990
816
11056
817
11057
818
11058
819
11059
11060
11061
11062
11063
11064
11065
11066
11067
11068
859
860
9068
9069
9070
9071
11129
11130
11131
11132
11133
11134
11135
11136
11137
11138
11139
11140
11141
902
9148
9149
9150
9151
9152
11202
11203
11204
11205
11206
11207
11208
11209
11210
11211
11212
11213
11273
11274
11275
11276
11277
9229
11278
9230
11279
9231
11280
9232
11281
9233
11282
11283
11284
11343
11344
11345
11346
11347
11348
11349
11350
11351
11352
11353
11354
9309
9310
9311
9312
9313
9314
11413
11414
11415
11416
11417
11418
11419
11420
11421
11422
11423
9389
9390
9391
9392
9393
9394
9395
11481
11482
11483
11484
11485
11486
11487
11488
11489
11490
11491
9470
9471
9472
9473
9474
9475
9476
11549
11550
11551
11552
11553
11554
11555
11556
11557
11558
9550
9551
9552
9553
9554
9555
9556
9557
11615
11616
11617
11618
11619
11620
11621
11622
11623
11624
9630
9631
11680
9632
11681
9633
11682
9634
11683
9635
11684
9636
11685
9637
11686
9638
11687
11688
11689
11745
11746
11747
11748
11749
11750
11751
11752
11753
9711
9712
9713
9714
9715
9716
9717
9718
9719
11808
11809
11810
11811
11812
11813
11814
11815
11816
9791
9792
9793
9794
9795
9796
9797
9798
9799
9800
11870
11871
11872
11873
11874
11875
11876
11877
11878
9871
9872
9873
9874
9875
9876
9877
9878
9879
9880
9881
11932
11933
11934
11935
11936
11937
11938
11939
11992
11993
11994
11995
11996
11997
11998
11999
9952
9953
9954
9955
9956
9957
9958
9959
9960
9961
9962
12051
12052
12053
12054
12055
12056
12057
12058
10032
10033
10034
10035
10036
10037
10038
10039
10040
10041
10042
10043
12110
12111
12112
12113
12114
12115
12116
10113
10114
10115
10116
10117
10118
12167
10119
12168
10120
12169
10121
12170
10122
12171
10123
12172
10124
12173
12224
12225
12226
12227
12228
12229
10193
10194
10195
10196
10197
10198
10199
10200
10201
10202
10203
10204
10205
12279
12280
12281
12282
12283
12284
)


// ************************************************************************* //
