/*--------------------------------*- C++ -*----------------------------------*\
| =========                 |                                                 |
| \\      /  F ield         | OpenFOAM: The Open Source CFD Toolbox           |
|  \\    /   O peration     | Version:  2112                                  |
|   \\  /    A nd           | Website:  www.openfoam.com                      |
|    \\/     M anipulation  |                                                 |
\*---------------------------------------------------------------------------*/
FoamFile
{
    version     2.0;
    format      ascii;
    arch        "LSB;label=32;scalar=64";
    class       pointSet;
    location    "constant/polyMesh/sets";
    object      shortEdges;
}
// * * * * * * * * * * * * * * * * * * * * * * * * * * * * * * * * * * * * * //


2052
(
0
1
2
3
4
5
6
7
8
9
10
11
12
13
14
15
16
17
18
19
20
21
22
23
24
25
26
27
28
29
30
31
32
33
34
35
36
37
38
39
40
41
42
43
44
45
46
47
48
49
50
51
52
53
54
55
56
57
58
59
60
61
62
63
64
65
66
67
68
69
70
71
72
73
74
75
76
77
78
79
80
81
82
83
84
85
86
87
88
89
90
91
92
93
94
95
96
97
98
99
100
101
102
103
104
105
106
107
108
109
110
111
112
113
114
115
116
117
118
119
120
121
122
123
124
125
126
127
128
129
130
131
132
133
134
135
136
137
138
139
140
141
142
143
144
145
146
147
148
149
150
151
152
153
154
155
156
157
158
159
160
161
162
163
164
165
166
167
168
169
170
171
172
173
174
175
176
177
178
179
180
181
182
183
184
185
186
187
188
189
190
191
192
193
194
195
196
197
198
199
200
201
202
203
204
205
206
207
208
209
210
211
212
213
214
215
216
217
218
219
220
221
222
223
224
225
226
227
228
229
230
231
232
233
234
235
236
237
238
239
240
241
242
243
244
245
246
247
248
249
250
251
252
253
254
255
256
257
258
259
260
261
262
263
264
265
266
267
268
269
270
271
272
273
274
275
276
277
278
279
280
281
282
283
284
285
286
287
288
289
290
291
292
293
294
295
296
297
298
299
300
301
302
303
304
305
306
307
308
309
310
311
312
313
314
315
316
317
318
319
320
321
322
323
324
325
326
327
328
329
330
331
332
333
334
335
336
337
338
339
340
341
342
343
344
345
346
347
348
349
350
351
352
353
354
355
356
357
358
359
360
361
362
363
364
365
366
367
368
369
370
371
5084
5085
5086
5087
9184
5088
9185
5089
9186
5090
9187
5091
9188
5092
9189
5093
9190
5094
9191
5095
9192
5096
9193
5097
9194
5098
9195
5099
9196
5100
9197
5101
9198
5102
5103
9199
5104
9200
5105
9201
5106
9202
5107
9203
5108
9204
5109
9205
5110
9206
5111
9207
5112
9208
5113
9209
5114
9210
5115
9211
5116
9212
5117
9213
5118
9214
5119
9215
5120
9216
5121
9217
5122
9218
5123
9219
5124
9220
5125
9221
5126
9222
5127
9223
5128
9224
5129
9225
5130
9226
5131
9227
5132
9228
5133
9229
5134
9230
5135
9231
5136
9232
5137
9233
5138
9234
5139
9235
5140
9236
5141
9237
5142
9238
5143
9239
5144
9240
5145
9241
5146
9242
5147
9243
9244
5148
9245
5149
9246
5150
9247
5151
9248
5152
9249
5153
9250
5154
9251
5155
9252
5156
9253
5157
9254
5158
9255
5159
9256
5160
9257
5161
9258
5162
5163
9259
5164
9260
5165
9261
5166
9262
5167
9263
5168
9264
5169
9265
5170
9266
5171
9267
5172
9268
5173
9269
5174
9270
5175
9271
5176
9272
5177
9273
5178
9274
5179
9275
5180
9276
5181
9277
5182
9278
5183
9279
5184
9280
5185
9281
5186
9282
5187
9283
5188
9284
5189
9285
5190
9286
5191
9287
5192
9288
5193
9289
5194
9290
5195
9291
5196
9292
5197
9293
5198
9294
5199
9295
5200
9296
5201
9297
5202
9298
5203
9299
5204
9300
5205
9301
5206
9302
5207
9303
9304
5208
9305
5209
9306
5210
9307
5211
9308
5212
9309
5213
9310
5214
9311
5215
9312
5216
9313
5217
9314
5218
9315
5219
9316
5220
9317
5221
9318
5222
5223
9319
5224
9320
5225
9321
5226
9322
5227
9323
5228
9324
5229
9325
5230
9326
5231
9327
5232
9328
5233
9329
5234
9330
5235
9331
5236
9332
5237
9333
5238
9334
5239
9335
5240
9336
5241
9337
5242
9338
5243
9339
5244
9340
5245
9341
5246
9342
5247
9343
5248
9344
5249
9345
5250
9346
5251
9347
5252
9348
5253
9349
5254
9350
5255
9351
5256
9352
5257
9353
5258
9354
5259
9355
5260
9356
5261
9357
5262
9358
5263
9359
5264
9360
5265
9361
5266
9362
5267
9363
9364
5268
9365
5269
9366
5270
9367
5271
9368
5272
9369
5273
9370
5274
9371
5275
9372
5276
9373
5277
9374
5278
9375
5279
9376
5280
9377
5281
9378
5282
5283
9379
5284
9380
5285
9381
5286
9382
5287
9383
5288
9384
5289
9385
5290
9386
5291
9387
5292
9388
5293
9389
5294
9390
5295
9391
5296
9392
5297
9393
5298
9394
5299
9395
5300
9396
5301
9397
5302
9398
5303
9399
5304
9400
5305
9401
5306
9402
5307
9403
5308
9404
5309
9405
5310
9406
5311
9407
5312
9408
5313
9409
5314
9410
5315
9411
5316
9412
5317
9413
5318
9414
5319
9415
5320
9416
5321
9417
5322
9418
5323
9419
5324
9420
5325
9421
5326
9422
5327
9423
9424
5328
9425
5329
9426
5330
9427
5331
9428
5332
9429
5333
9430
5334
9431
5335
9432
5336
9433
5337
9434
5338
9435
5339
9436
5340
9437
5341
5342
9438
5343
9439
5344
9440
5345
9441
5346
9442
5347
9443
5348
9444
5349
9445
5350
9446
5351
9447
5352
9448
5353
9449
5354
9450
5355
9451
5356
9452
5357
9453
5358
9454
5359
9455
5360
9456
5361
9457
5362
9458
5363
9459
5364
9460
5365
9461
5366
9462
5367
9463
5368
9464
5369
9465
5370
9466
5371
9467
5372
9468
5373
9469
5374
9470
5375
9471
5376
9472
5377
9473
5378
9474
5379
9475
5380
9476
5381
9477
5382
9478
5383
9479
9480
9481
9482
9483
9484
9485
9486
9487
9488
9489
9490
9491
9492
9493
9494
9495
9496
9497
9498
9499
9500
9501
9502
9503
9504
9505
9506
9507
9508
9509
9510
9511
9512
9513
9514
9515
9516
9517
9518
9519
9520
9521
9522
9523
9524
9525
9526
9527
9528
9529
9530
9531
9532
9533
9534
9535
9536
9537
9538
9539
9540
9541
9542
9543
9544
9545
9546
9547
9548
9549
9550
9551
9552
9553
9554
9555
9556
9557
9558
9559
9560
9561
9562
9563
9564
9565
9566
9567
9568
9569
9570
9571
9572
9573
9574
9575
9576
9577
9578
9579
9580
9581
9582
9583
9584
9585
9586
9587
9588
9589
9590
9591
9592
9593
9594
9595
9596
9597
9598
9599
9600
9601
9602
9603
9604
9605
9606
9607
9608
9609
9610
9611
9612
9613
9614
9615
9616
9617
9618
9619
9620
9621
9622
9623
9624
9625
9626
9627
9628
9629
9630
9631
9632
9633
9634
9635
9636
9637
9638
9639
9640
9641
9642
9643
9644
9645
9646
9647
9648
9649
9650
9651
9652
9653
9654
9655
9656
9657
9658
9659
9660
9661
9662
9663
9664
9665
9666
9667
9668
9669
9670
9671
9672
9673
9674
9675
9676
9677
9678
9679
9680
9681
9682
9683
9684
9685
9686
9687
9688
9689
9690
9691
9692
9693
9694
9695
9696
9697
9698
9699
9700
9701
9702
9703
9704
9705
9706
9707
9708
9709
9710
9711
9712
9713
9714
9715
9716
9717
9718
9719
9720
9721
9722
9723
9724
9725
9726
9727
9728
9729
9730
9731
9732
9733
9734
9735
9736
9737
9738
9739
9740
9741
9742
9743
9744
9745
9746
9747
9748
9749
9750
9751
9752
9753
9754
9755
9756
9757
9758
9759
9760
9761
9762
9763
9764
9765
9766
9767
9768
9769
9770
9771
9772
9773
9774
9775
9776
9777
9778
9779
9780
9781
9782
9783
9784
9785
9786
9787
9788
9789
9790
9791
9792
9793
9794
9795
9796
9797
9798
9799
9800
9801
9802
9803
9804
9805
9806
9807
9808
9809
9810
9811
9812
9813
9814
9815
9816
9817
9818
9819
9820
9821
9822
9823
9824
9825
9826
9827
9828
9829
9830
9831
9832
9833
9834
9835
9836
9837
9838
9839
9840
9841
9842
9843
9844
9845
9846
9847
9848
9849
9850
9851
9852
9853
9854
9855
9856
9857
9858
9859
9860
9861
9862
9863
9864
9865
9866
9867
9868
9869
9870
9871
9872
9873
9874
9875
9876
9877
9878
9879
9880
9881
9882
9883
9884
9885
9886
9887
9888
9889
9890
9891
9892
9893
9894
9895
9896
9897
9898
9899
9900
9901
9902
9903
19024
19025
19026
19027
23124
19028
23125
19029
23126
19030
23127
19031
23128
19032
23129
19033
23130
19034
23131
19035
23132
19036
23133
19037
23134
19038
23135
19039
23136
19040
23137
19041
23138
19042
23139
19043
23140
19044
23141
19045
23142
19046
23143
19047
23144
19048
23145
19049
23146
19050
23147
19051
23148
19052
23149
19053
23150
19054
23151
19055
23152
19056
23153
19057
23154
19058
23155
19059
23156
19060
23157
19061
23158
19062
23159
19063
23160
19064
23161
19065
23162
19066
23163
19067
23164
19068
23165
19069
23166
19070
23167
19071
23168
19072
23169
19073
23170
19074
23171
19075
23172
19076
23173
19077
23174
19078
23175
19079
23176
19080
23177
19081
23178
19082
23179
19083
23180
19084
23181
19085
23182
19086
23183
19087
23184
19088
23185
19089
23186
19090
23187
19091
23188
19092
23189
19093
23190
19094
23191
19095
23192
19096
23193
19097
23194
19098
23195
19099
23196
19100
23197
19101
23198
19102
23199
19103
23200
19104
23201
19105
23202
19106
23203
19107
23204
19108
23205
19109
23206
19110
23207
19111
23208
19112
23209
19113
23210
19114
23211
19115
23212
19116
23213
19117
23214
19118
23215
19119
23216
19120
23217
19121
23218
19122
23219
19123
23220
19124
23221
19125
23222
19126
23223
19127
23224
19128
23225
19129
23226
19130
23227
19131
23228
19132
23229
19133
23230
19134
23231
19135
23232
19136
23233
19137
23234
19138
23235
19139
23236
19140
23237
19141
23238
19142
23239
19143
23240
19144
23241
19145
23242
19146
23243
19147
23244
19148
23245
19149
23246
19150
23247
19151
23248
19152
23249
19153
23250
19154
23251
19155
23252
19156
23253
19157
23254
19158
23255
19159
23256
19160
23257
19161
23258
19162
23259
19163
23260
19164
23261
19165
23262
19166
23263
19167
23264
19168
23265
19169
23266
19170
23267
19171
23268
19172
23269
19173
23270
19174
23271
19175
23272
19176
23273
19177
23274
19178
23275
19179
23276
19180
23277
19181
23278
19182
23279
19183
23280
19184
23281
19185
23282
19186
23283
19187
23284
19188
23285
19189
23286
19190
23287
19191
23288
19192
23289
19193
23290
19194
23291
19195
23292
19196
23293
19197
23294
19198
23295
19199
23296
19200
23297
19201
23298
19202
23299
19203
23300
19204
23301
19205
23302
19206
23303
19207
23304
19208
23305
19209
23306
19210
23307
19211
23308
19212
23309
19213
23310
19214
23311
19215
23312
19216
23313
19217
23314
19218
23315
19219
23316
19220
23317
19221
23318
19222
23319
19223
23320
19224
23321
19225
23322
19226
23323
19227
23324
19228
23325
19229
23326
19230
23327
19231
23328
19232
23329
19233
23330
19234
23331
19235
23332
19236
23333
19237
23334
19238
23335
19239
23336
19240
23337
19241
23338
19242
23339
19243
23340
19244
23341
19245
23342
19246
23343
19247
23344
19248
23345
19249
23346
19250
23347
19251
23348
19252
23349
19253
23350
19254
23351
19255
23352
19256
23353
19257
23354
19258
23355
19259
23356
19260
23357
19261
23358
19262
23359
19263
23360
19264
23361
19265
23362
19266
23363
19267
23364
19268
23365
19269
23366
19270
23367
19271
23368
19272
23369
19273
23370
19274
23371
19275
23372
19276
23373
19277
23374
19278
23375
19279
23376
19280
23377
19281
23378
19282
23379
19283
23380
19284
23381
19285
23382
19286
23383
19287
23384
19288
23385
19289
23386
19290
23387
19291
23388
19292
23389
19293
23390
19294
23391
19295
23392
19296
23393
19297
23394
19298
23395
19299
23396
19300
23397
19301
23398
19302
23399
19303
23400
19304
23401
19305
23402
19306
23403
19307
23404
19308
23405
19309
23406
19310
23407
19311
23408
19312
23409
19313
23410
19314
23411
19315
23412
19316
23413
19317
23414
19318
23415
19319
23416
19320
23417
19321
23418
19322
23419
19323
23420
23421
23422
23423
23424
23425
23426
23427
23428
23429
23430
23431
23432
23433
23434
23435
23436
23437
23438
23439
23440
23441
23442
23443
23444
23445
23446
23447
23448
23449
23450
23451
23452
23453
23454
23455
23456
23457
23458
23459
23460
23461
23462
23463
23464
23465
23466
23467
23468
23469
23470
23471
23472
23473
23474
23475
23476
23477
23478
23479
23480
23481
23482
23483
)


// ************************************************************************* //
