/*--------------------------------*- C++ -*----------------------------------*\
| =========                 |                                                 |
| \\      /  F ield         | OpenFOAM: The Open Source CFD Toolbox           |
|  \\    /   O peration     | Version:  2112                                  |
|   \\  /    A nd           | Website:  www.openfoam.com                      |
|    \\/     M anipulation  |                                                 |
\*---------------------------------------------------------------------------*/
FoamFile
{
    version     2.0;
    format      ascii;
    arch        "LSB;label=32;scalar=64";
    class       cellSet;
    location    "constant/polyMesh/sets";
    object      underdeterminedCells;
}
// * * * * * * * * * * * * * * * * * * * * * * * * * * * * * * * * * * * * * //


3856
(
0
1
2
3
4
5
6
7
8
9
10
11
12
13
14
15
16
17
18
19
20
21
22
23
24
25
26
27
28
29
30
31
32
33
34
35
36
37
38
39
40
41
42
43
44
45
46
47
48
49
50
51
52
53
54
55
56
57
58
8250
59
8251
60
8252
61
8253
62
8254
63
8255
64
8256
65
8257
66
8258
67
8259
68
8260
69
8261
70
8262
71
72
73
74
75
76
77
78
79
80
81
82
83
84
85
86
87
88
89
90
91
92
93
94
95
96
97
98
99
100
101
102
103
104
105
106
107
108
109
110
111
112
113
114
115
116
117
118
119
120
121
122
123
124
125
126
127
128
129
130
131
132
133
134
135
136
137
138
139
8331
140
8332
141
8333
142
8334
143
8335
144
8336
145
8337
146
8338
147
8339
148
8340
149
8341
150
8342
151
8343
152
153
154
155
156
157
158
159
160
161
162
163
164
165
166
167
168
169
170
171
172
173
174
175
176
177
178
179
180
181
182
183
184
185
186
187
188
189
190
191
192
193
194
195
196
197
198
199
200
201
202
203
204
205
206
207
208
209
210
211
212
213
214
215
216
217
218
219
220
8412
221
8413
222
8414
223
8415
224
8416
225
8417
226
8418
227
8419
228
8420
229
8421
230
8422
231
8423
232
8424
233
234
235
236
237
238
239
240
241
242
243
244
245
246
247
248
249
250
251
252
253
254
255
256
257
258
259
260
261
262
263
264
265
266
267
268
269
270
271
272
273
274
275
276
277
278
279
280
281
282
283
284
285
286
287
288
289
290
291
292
293
294
295
296
297
298
299
300
301
302
8494
303
8495
304
8496
305
8497
306
8498
307
8499
308
8500
309
8501
310
8502
311
8503
312
8504
313
8505
314
315
316
317
318
319
320
321
322
323
324
325
326
327
328
329
330
331
332
333
334
335
336
337
338
339
340
341
342
343
344
345
346
347
348
349
350
351
352
353
354
355
356
357
358
359
360
361
362
363
364
365
366
367
368
369
370
371
372
373
374
375
376
377
378
379
380
381
382
383
8575
384
8576
385
8577
386
8578
387
8579
388
8580
389
8581
390
8582
391
8583
392
8584
393
8585
394
8586
395
396
397
398
399
400
401
402
403
404
405
406
407
408
409
410
411
412
413
414
415
416
417
418
419
420
421
422
423
424
425
426
427
428
429
430
431
432
433
434
435
436
437
438
439
440
441
442
443
444
445
446
447
448
449
450
451
452
453
454
455
456
457
458
459
460
461
462
463
464
8656
465
8657
466
8658
467
8659
468
8660
469
8661
470
8662
471
8663
472
8664
473
8665
474
8666
475
8667
476
477
478
479
480
481
482
483
484
485
486
487
488
489
490
491
492
493
494
495
496
497
498
499
500
501
502
503
504
505
506
507
508
509
510
511
512
513
514
515
516
517
518
519
520
521
522
523
524
525
526
527
528
529
530
531
532
533
534
535
536
537
538
539
540
541
542
543
544
545
8737
546
8738
547
8739
548
8740
549
8741
550
8742
551
8743
552
8744
553
8745
554
8746
555
8747
556
8748
557
558
559
560
561
562
563
564
565
566
567
568
569
570
571
572
573
574
575
576
577
578
579
580
581
582
583
584
585
586
587
588
589
590
591
592
593
594
595
596
597
598
599
600
601
602
603
604
605
606
607
608
609
610
611
612
613
614
615
616
617
618
619
620
621
622
623
624
625
626
627
8819
628
8820
629
8821
630
8822
631
8823
632
8824
633
8825
634
8826
635
8827
636
8828
637
8829
638
639
640
641
642
643
644
645
646
647
648
649
650
651
652
653
654
655
656
657
658
659
660
661
662
663
664
665
666
667
668
669
670
671
672
673
674
675
676
677
678
679
680
681
682
683
684
685
686
687
688
689
690
691
692
693
694
695
696
697
698
699
700
701
702
703
704
705
706
707
708
8900
709
8901
710
8902
711
8903
712
8904
713
8905
714
8906
715
8907
716
8908
717
8909
718
8910
719
720
721
722
723
724
725
726
727
728
729
730
731
732
733
734
735
736
737
738
739
740
741
742
743
744
745
746
747
748
749
750
751
752
753
754
755
756
757
758
759
760
761
762
763
764
765
766
767
768
769
770
771
772
773
774
775
776
777
778
779
780
781
782
783
784
785
786
787
788
8980
789
8981
790
8982
791
8983
792
8984
793
8985
794
8986
795
8987
796
8988
797
8989
798
8990
799
8991
800
801
802
803
804
805
806
807
808
809
810
811
812
813
814
815
816
817
818
819
822
823
824
825
826
827
828
829
830
831
832
833
834
835
836
837
838
839
840
841
842
843
844
845
846
847
848
849
850
851
852
853
854
855
856
857
858
859
860
864
865
866
867
868
869
9061
870
9062
871
9063
872
9064
873
9065
9066
875
9067
876
9068
877
9069
878
9070
879
9071
880
9072
881
882
883
884
885
886
887
888
889
890
891
892
893
894
895
896
897
898
899
900
901
902
906
907
908
909
910
911
912
913
914
915
916
920
921
922
923
924
925
926
927
928
929
930
931
932
933
934
935
936
937
938
939
940
941
942
943
944
945
9141
950
9142
951
9143
952
9144
953
9145
954
9146
955
9147
956
9148
957
9149
958
9150
959
9151
960
9152
9153
965
966
967
968
969
970
971
972
973
974
975
976
977
978
979
980
981
982
983
984
985
986
987
988
989
995
996
997
998
999
1000
1001
1002
1003
1004
1005
1011
1012
1013
1014
1015
1016
1017
1018
1019
1020
1021
1022
1023
1024
1025
1026
1027
1028
1029
9221
1030
9222
1031
9223
1032
9224
1033
9225
1034
9226
9227
9228
9229
9230
9231
9232
1041
9233
1042
9234
1043
1044
1045
1046
1047
1048
1049
1050
1051
1059
1060
1061
1062
1063
1064
1065
1066
1067
1068
1069
1070
1071
1072
1073
1074
1075
1076
1077
1078
1079
1080
1088
1089
1090
1091
1092
1093
1094
1095
1096
1097
1098
1107
1108
1109
1110
9302
1111
9303
1112
9304
1113
9305
1114
9306
1115
9307
1116
9308
1117
9309
1118
9310
1119
9311
1120
9312
1121
9313
1122
9314
1123
9315
1124
1125
1126
1127
1136
1137
1138
1139
1140
1141
1142
1143
1144
1145
1146
1156
1157
1158
1159
1160
1161
1162
1163
1164
1165
1166
1167
1168
1169
1170
1171
1172
1173
1174
1175
1184
1185
1186
1187
1188
1189
1190
9382
1191
9383
1192
9384
1193
9385
1194
9386
1195
9387
9388
9389
9390
9391
9392
9393
9394
9395
9396
1207
1208
1209
1210
1211
1212
1213
1214
1215
1216
1217
1218
1219
1220
1221
1222
1223
1224
1234
1235
1236
1237
1238
1239
1240
1241
1242
1243
1244
1245
1258
1259
1260
1261
1262
1263
1264
1265
1266
1267
1268
1269
1270
9462
1271
9463
1272
9464
1273
9465
1274
9466
9467
9468
9469
9470
9471
9472
9473
9474
9475
9476
1285
9477
1286
1287
1288
1289
1290
1291
1292
1293
1294
1295
1296
1310
1311
1312
1313
1314
1315
1316
1317
1318
1319
1320
1321
1322
1323
1324
1325
1337
1338
1339
1340
1341
1342
1343
1344
1345
1346
1347
1348
9543
9544
9545
9546
9547
9548
9549
9550
9551
9552
9553
9554
9555
1364
9556
1365
9557
1366
9558
1367
1368
1369
1370
1371
1372
1373
1374
1375
1376
1377
1390
1391
1392
1393
1394
1395
1396
1397
1398
1399
1400
1401
1418
1419
1420
1421
1422
1423
1424
1425
1426
1427
1428
1429
1430
9623
9624
9625
9626
9627
9628
9629
9630
9631
9632
9633
9634
1443
9635
1444
9636
1445
9637
1446
9638
1447
9639
1448
1449
1450
1451
1452
1453
1454
1455
1474
1475
1476
1477
1478
1479
1480
1481
1482
1483
1484
1498
1499
1500
1501
1502
1503
1504
1505
1506
1507
1508
1509
1510
9704
9705
9706
9707
9708
9709
9710
9711
9712
9713
9714
9715
9716
9717
9718
9719
9720
1530
1531
1532
1533
1534
1535
1536
1537
1538
1539
1554
1555
1556
1557
1558
1559
1560
1561
1562
1563
1564
1565
1566
1587
1588
1589
1590
1591
1592
9784
1593
9785
1594
9786
1595
9787
9788
9789
9790
9791
9792
9793
9794
9795
9796
9797
9798
9799
9800
9801
1611
1612
1613
1614
1615
1616
1617
1618
1619
1620
1621
1622
1623
1646
1647
1648
1649
1650
1651
1652
1669
1670
1671
1672
9864
1673
9865
1674
9866
1675
9867
1676
9868
1677
9869
1678
9870
1679
9871
1680
9872
1681
9873
9874
9875
9876
9877
9878
9879
9880
9881
9882
1705
1706
1707
1708
1709
1710
1727
1728
1729
1730
1731
1732
1733
1734
1735
1736
1737
1738
1739
1740
9945
9946
9947
9948
9949
9950
9951
9952
9953
9954
9955
9956
1765
9957
1766
9958
1767
9959
1768
9960
1769
9961
9962
9963
1787
1788
1789
1790
1791
1792
1793
1794
1795
1796
1797
1798
1799
1800
1827
1828
1829
10025
10026
10027
10028
10029
10030
10031
10032
10033
10034
10035
10036
10037
10038
10039
1848
10040
1849
10041
1850
10042
1851
10043
1852
10044
1853
1854
1855
1856
1857
1858
1859
1860
1861
1889
1890
1910
1911
1912
1913
10105
1914
10106
1915
10107
1916
10108
1917
10109
1918
10110
1919
10111
1920
10112
1921
10113
1922
10114
1923
10115
10116
10117
10118
10119
10120
10121
10122
10123
10124
10125
1952
1973
1974
1975
1976
1977
1978
1979
1980
1981
1982
1983
1984
1985
1986
10186
10187
10188
10189
10190
10191
10192
10193
10194
10195
10196
10197
10198
10199
10200
10201
10202
10203
10204
10205
10206
2015
2037
2038
2039
2040
2041
2042
2043
2044
2045
2046
2047
2048
2049
2050
10266
10267
10268
10269
10270
2079
10271
10272
10273
10274
10275
10276
10277
10278
10279
10280
10281
10282
10283
10284
10285
10286
10287
2101
2102
2103
2104
2105
2106
2107
2108
2109
2110
2111
2112
2113
2114
2115
2144
10346
10347
10348
10349
10350
10351
10352
10353
10354
10355
10356
10357
10358
2167
10359
2168
10360
2169
10361
2170
10362
2171
10363
2172
10364
2173
10365
2174
10366
2175
10367
2176
10368
2177
2178
2179
2180
2181
2210
2234
2235
10427
2236
10428
2237
10429
2238
10430
2239
10431
2240
10432
2241
10433
2242
10434
2243
10435
2244
10436
2245
10437
2246
10438
2247
10439
2248
10440
10441
10442
10443
10444
10445
10446
10447
10448
10449
2277
2302
2303
2304
2305
2306
2307
2308
2309
2310
2311
2312
2313
2314
2315
10507
2316
10508
10509
10510
10511
10512
10513
10514
10515
10516
10517
10518
10519
10520
10521
10522
10523
10524
10525
10526
10527
10528
10529
10530
2345
2371
2372
2373
2374
2375
2376
2377
2378
2379
2380
2381
2382
2383
2384
2385
10588
10589
10590
10591
10592
10593
10594
10595
10596
10597
10598
10599
10600
10601
10602
10603
10604
10605
2414
10606
10607
10608
10609
10610
2440
2441
2442
2443
2444
2445
2446
2447
2448
2449
2450
2451
2452
2453
2454
2455
10667
10668
10669
10670
10671
10672
10673
10674
10675
10676
10677
10678
10679
10680
10681
10682
10683
10684
10685
10686
10687
10688
10689
2512
2513
2514
2515
2516
2517
2518
2519
2520
2521
2522
2523
2524
2525
2526
10745
10746
10747
10748
10749
10750
10751
10752
10753
10754
10755
10756
10757
10758
10759
10760
10761
10762
10763
10764
10765
10766
10767
2584
2585
2586
2587
2588
2589
2590
2591
2592
2593
2594
2595
2596
2597
2598
10823
10824
10825
10826
10827
10828
10829
10830
10831
10832
10833
10834
10835
10836
10837
10838
10839
10840
10841
10842
10843
10844
2657
2658
2659
2660
2661
2662
2663
2664
2665
2666
2667
2668
2669
2670
2671
10899
10900
10901
10902
10903
10904
10905
10906
10907
10908
10909
10910
10911
10912
10913
10914
10915
10916
10917
10918
10919
10920
2731
2732
2733
2734
2735
2736
2737
2738
2739
2740
2741
2742
2743
2744
2745
10974
10975
10976
10977
10978
10979
10980
10981
10982
10983
10984
10985
10986
10987
10988
10989
10990
10991
10992
10993
10994
10995
2806
2807
2808
2809
2810
2811
2812
2813
2814
2815
2816
2817
2818
2819
2820
11049
11050
11051
11052
11053
11054
11055
11056
11057
11058
11059
11060
11061
11062
11063
11064
11065
11066
11067
11068
11069
2882
2883
2884
2885
2886
2887
2888
2889
2890
2891
2892
2893
2894
2895
2896
11122
11123
11124
11125
11126
11127
11128
11129
11130
11131
11132
11133
11134
11135
11136
11137
11138
11139
11140
11141
11142
2959
2960
2961
2962
2963
2964
2965
2966
2967
2968
2969
2970
2971
2972
2973
11194
11195
11196
11197
11198
11199
11200
11201
11202
11203
11204
11205
11206
11207
11208
11209
11210
11211
11212
11213
11214
3037
3038
3039
3040
3041
3042
3043
3044
3045
3046
3047
3048
3049
3050
3051
11266
11267
11268
11269
11270
11271
11272
11273
11274
11275
11276
11277
11278
11279
11280
11281
11282
11283
11284
11285
3116
3117
3118
3119
3120
3121
3122
3123
3124
3125
3126
3127
3128
3129
3130
11336
11337
11338
11339
11340
11341
11342
11343
11344
11345
11346
11347
11348
11349
11350
11351
11352
11353
11354
11355
3196
3197
3198
3199
3200
3201
3202
3203
3204
3205
3206
3207
3208
3209
3210
11406
11407
11408
11409
11410
11411
11412
11413
11414
11415
11416
11417
11418
11419
11420
11421
11422
11423
11424
3277
3278
3279
3280
3281
11474
3282
11475
3283
11476
3284
11477
3285
11478
3286
11479
3287
11480
3288
11481
3289
11482
3290
11483
3291
11484
11485
11486
11487
11488
11489
11490
11491
11492
11541
11542
11543
11544
11545
11546
11547
11548
11549
11550
11551
3359
11552
3360
11553
3361
11554
3362
11555
3363
11556
3364
11557
3365
11558
3366
11559
3367
3368
3369
3370
3371
3372
3373
11608
11609
11610
11611
11612
11613
11614
11615
11616
11617
11618
11619
11620
11621
11622
11623
11624
11625
3441
3442
3443
3444
3445
3446
3447
3448
3449
3450
3451
3452
3453
3454
3455
11673
11674
11675
11676
11677
11678
11679
11680
11681
11682
11683
11684
11685
11686
11687
11688
11689
11690
3523
3524
3525
3526
3527
3528
3529
3530
3531
3532
3533
3534
3535
3536
3537
11737
11738
11739
11740
11741
11742
11743
11744
11745
11746
11747
11748
11749
11750
11751
11752
11753
11754
3605
3606
3607
3608
11801
3609
11802
3610
11803
3611
11804
3612
11805
3613
11806
3614
11807
3615
11808
3616
11809
3617
11810
3618
11811
3619
11812
11813
11814
11815
11816
11817
11863
11864
11865
11866
11867
11868
11869
11870
11871
11872
11873
11874
11875
11876
11877
11878
11879
3687
3688
3689
3690
3691
3692
3693
3694
3695
3696
3697
3698
3699
3700
3701
11924
11925
11926
11927
11928
11929
11930
11931
11932
11933
11934
11935
11936
11937
11938
11939
11940
3769
3770
3771
3772
3773
3774
3775
3776
3777
3778
3779
3780
3781
3782
3783
11985
11986
11987
11988
11989
11990
11991
11992
11993
11994
11995
11996
11997
11998
11999
12000
3851
12044
3852
12045
3853
12046
3854
12047
3855
12048
3856
12049
3857
12050
3858
12051
3859
12052
3860
12053
3861
12054
3862
12055
3863
12056
3864
12057
3865
12058
12059
12103
12104
12105
12106
12107
12108
12109
12110
12111
12112
12113
12114
12115
12116
12117
3933
3934
3935
3936
3937
3938
3939
3940
3941
3942
3943
3944
3945
3946
3947
12160
12161
12162
12163
12164
12165
12166
12167
12168
12169
12170
12171
12172
12173
12174
4015
4016
4017
4018
4019
4020
4021
4022
4023
12216
4024
12217
4025
12218
4026
12219
4027
12220
4028
12221
4029
12222
12223
12224
12225
12226
12227
12228
12229
12230
12272
12273
12274
12275
12276
12277
12278
12279
12280
12281
12282
12283
12284
12285
4097
4098
4099
4100
4101
4102
4103
4104
4105
4106
4107
4108
4109
4110
4111
12326
12327
12328
12329
12330
12331
12332
12333
12334
12335
12336
12337
12338
12339
4179
4180
4181
4182
4183
4184
4185
4186
12379
4187
12380
4188
12381
4189
12382
4190
12383
4191
12384
4192
12385
4193
12386
12387
12388
12389
12390
12391
12392
12432
12433
12434
12435
12436
12437
12438
12439
12440
12441
12442
12443
12444
4261
4262
4263
4264
4265
4266
4267
4268
4269
4270
4271
4272
4273
4274
4275
12483
12484
12485
12486
12487
12488
12489
12490
12491
12492
12493
12494
12495
12534
12535
4343
12536
4344
12537
4345
12538
4346
12539
4347
12540
4348
12541
4349
12542
4350
12543
4351
12544
4352
12545
4353
4354
4355
4356
4357
12583
12584
12585
12586
12587
12588
12589
12590
12591
12592
12593
12594
4425
4426
4427
4428
4429
4430
4431
4432
4433
4434
4435
4436
4437
4438
12631
4439
12632
12633
12634
12635
12636
12637
12638
12639
12640
12641
12642
12679
12680
12681
12682
12683
12684
12685
12686
12687
12688
12689
4507
4508
4509
4510
4511
4512
4513
4514
4515
4516
4517
4518
4519
4520
4521
12725
12726
12727
12728
12729
12730
12731
12732
12733
12734
12735
12770
12771
12772
12773
12774
12775
12776
12777
12778
12779
12780
4589
4590
4591
4592
4593
4594
4595
4596
4597
4598
4599
4600
4601
4602
4603
12815
12816
12817
12818
12819
12820
12821
12822
12823
12824
12858
12859
12860
12861
12862
12863
4671
12864
4672
12865
4673
12866
4674
12867
4675
4676
4677
4678
4679
4680
4681
4682
4683
4684
4685
12900
12901
12902
12903
12904
12905
12906
12907
12908
12909
12942
12943
12944
12945
4753
12946
4754
12947
4755
12948
4756
12949
4757
12950
4758
4759
4760
4761
4762
4763
4764
4765
4766
4767
12982
12983
12984
12985
12986
12987
12988
12989
12990
13022
13023
13024
13025
13026
13027
4835
13028
4836
13029
4837
4838
4839
4840
4841
4842
4843
4844
4845
4846
4847
4848
4849
13060
13061
13062
13063
13064
13065
13066
13067
13097
13098
13099
13100
13101
13102
13103
13104
4917
4918
4919
4920
4921
4922
4923
4924
4925
4926
4927
4928
4929
4930
4931
13134
13135
13136
13137
13138
13139
13140
13169
13170
13171
13172
13173
13174
13175
4999
5000
5001
5002
5003
5004
5005
5006
5007
5008
5009
5010
13203
5011
13204
5012
13205
5013
13206
13207
13208
13209
13237
13238
13239
13240
13241
13242
13269
13270
13271
13272
13273
5081
13274
5082
5083
5084
5085
5086
5087
5088
5089
5090
5091
5092
5093
5094
5095
13300
13301
13302
13303
13304
13305
13331
13332
13333
13334
13335
5163
5164
5165
5166
5167
13360
5168
13361
5169
13362
5170
13363
5171
13364
5172
5173
5174
5175
5176
5177
13389
13390
13391
13416
13417
13418
5245
5246
5247
5248
5249
13442
5250
13443
5251
13444
5252
5253
5254
5255
5256
5257
5258
5259
13468
13469
13492
13493
13515
13516
5327
5328
5329
5330
5331
5332
5333
5334
5335
5336
5337
5338
5339
5340
5341
13538
13559
13579
13598
5409
5410
5411
5412
5413
5414
5415
5416
5417
5418
5419
5420
5421
5422
5423
13616
13633
13649
13664
13678
5491
5492
5493
5494
5495
5496
5497
5498
13691
5499
5500
5501
5502
5503
5504
5505
5507
5573
5574
5575
5576
5577
5578
5579
5580
5581
5582
5583
5584
5585
5586
5587
5588
5589
5655
5656
5657
5658
5659
5660
5661
5662
5663
5664
5665
5666
5667
5668
5669
5670
5736
5737
5738
5739
5740
5741
5742
5743
5744
5745
5746
5747
5748
5749
5750
5751
5817
5818
5819
5820
5821
5822
5823
5824
5825
5826
5827
5828
5829
5830
5831
5832
5898
5899
5900
5901
5902
5903
5904
5905
5906
5907
5908
5909
5910
5911
5912
5913
5979
5980
5981
5982
5983
5984
5985
5986
5987
5988
5989
5990
5991
5992
5993
5994
6060
6061
6062
6063
6064
6065
6066
6067
6068
6069
6070
6071
6072
6073
6074
6075
6141
6142
6143
6144
6145
6146
6147
6148
6149
6150
6151
6152
6153
6154
6155
6156
6222
6223
6224
6225
6226
6227
6228
6229
6230
6231
6232
6233
6234
6235
6236
6237
6303
6304
6305
6306
6307
6308
6309
6310
6311
6312
6313
6314
6315
6316
6317
6318
6384
6385
6386
6387
6388
6389
6390
6391
6392
6393
6394
6395
6396
6397
6398
6399
6465
6466
6467
6468
6469
6470
6471
6472
6473
6474
6475
6476
6477
6478
6479
6480
6546
6547
6548
6549
6550
6551
6552
6553
6554
6555
6556
6557
6558
6559
6560
6561
6627
6628
6629
6630
6631
6632
6633
6634
6635
6636
6637
6638
6639
6640
6641
6642
6708
6709
6710
6711
6712
6713
6714
6715
6716
6717
6718
6719
6720
6721
6722
6723
6789
6790
6791
6792
6793
6794
6795
6796
6797
6798
6799
6800
6801
6802
6803
6804
6870
6871
6872
6873
6874
6875
6876
6877
6878
6879
6880
6881
6882
6883
6884
6885
6951
6952
6953
6954
6955
6956
6957
6958
6959
6960
6961
6962
6963
6964
6965
6966
7032
7033
7034
7035
7036
7037
7038
7039
7040
7041
7042
7043
7044
7045
7046
7047
7113
7114
7115
7116
7117
7118
7119
7120
7121
7122
7123
7124
7125
7126
7127
7128
7194
7195
7196
7197
7198
7199
7200
7201
7202
7203
7204
7205
7206
7207
7208
7209
7275
7276
7277
7278
7279
7280
7281
7282
7283
7284
7285
7286
7287
7288
7289
7290
7355
7356
7357
7358
7359
7360
7361
7362
7363
7364
7365
7366
7367
7368
7369
7370
7371
7437
7438
7439
7440
7441
7442
7443
7444
7445
7446
7447
7448
7449
7450
7451
7452
7518
7519
7520
7521
7522
7523
7524
7525
7526
7527
7528
7529
7530
7531
7532
7533
7599
7600
7601
7602
7603
7604
7605
7606
7607
7608
7609
7610
7611
7612
7613
7614
7681
7682
7683
7684
7685
7686
7687
7688
7689
7690
7691
7692
7693
7694
7695
7762
7763
7764
7765
7766
7767
7768
7769
7770
7771
7772
7773
7774
7775
7776
7843
7844
7845
7846
7847
7848
7849
7850
7851
7852
7853
7854
7855
7856
7857
7924
7925
7926
7927
7928
7929
7930
7931
7932
7933
7934
7935
7936
7937
7938
8006
8007
8008
8009
8010
8011
8012
8013
8014
8015
8016
8017
8018
8019
8087
8088
8089
8090
8091
8092
8093
8094
8095
8096
8097
8098
8099
8100
8168
8169
8170
8171
8172
8173
8174
8175
8176
8177
8178
8179
8180
8181
)


// ************************************************************************* //
